0,64
1,74
2,70
3,59
4,56
5,62
6,67
7,72
8,67
9,67
10,68
11,72
12,59
13,63
14,59
15,61
16,72
17,73
18,55
19,67
20,60
21,64
22,58
23,56
24,70
25,52
26,61
27,60
28,67
29,69
30,55
31,60
32,51
33,68
34,67
35,72
36,68
37,64
38,68
39,64
40,49
41,76
42,63
43,60
44,78
45,64
46,68
47,66
48,63
49,66
50,70
51,67
52,51
53,59
54,61
55,63
56,64
57,60
58,66
59,64
60,57
61,62
62,63
63,58
64,64
65,65
66,61
67,61
68,60
69,76
70,54
71,62
72,61
73,56
74,67
75,66
76,57
77,61
78,54
79,69
80,71
81,58
82,65
83,65
84,66
85,75
86,66
87,62
88,62
89,65
90,60
91,72
92,64
93,56
94,63
95,66
96,51
97,48
98,67
99,73
100,65
101,61
102,72
103,74
104,78
105,72
106,63
107,70
108,69
109,74
110,64
111,68
112,62
113,67
114,66
115,50
116,69
117,64
118,67
119,60
120,68
121,59
122,68
123,69
124,68
125,63
126,58
127,59
